      0/49     10.1G   0.05526   0.01062         0   0.06588        36       640    0.3896    0.4888    0.3449   0.06005   0.05717  0.009529         0
      1/49     13.4G   0.04383  0.008532         0   0.05236        35       640    0.3711    0.3964    0.2628   0.05116   0.05884  0.007744         0
      2/49     13.4G   0.04232  0.007142         0   0.04946        35       640    0.8016    0.8829    0.9152    0.3789   0.06004  0.006334         0
      3/49     13.4G   0.04442  0.006372         0   0.05079        35       640    0.7731    0.7117    0.7904    0.1841   0.06586  0.005608         0
      4/49     13.4G   0.05146  0.005881         0   0.05734        44       640    0.5593    0.6126    0.5116    0.1223   0.07594  0.004815         0
      5/49     13.4G   0.04674  0.005569         0   0.05231        39       640     0.735    0.5247    0.6587     0.249   0.06917  0.005481         0
      6/49     13.4G   0.05092  0.005361         0   0.05628        28       640 0.0007544  0.009009 9.717e-06 9.717e-07    0.1136   0.01333         0
      7/49     13.4G   0.04868  0.005259         0   0.05394        35       640   0.02449    0.2162   0.01724  0.002813   0.08482  0.004447         0
      8/49     13.4G   0.05021  0.005046         0   0.05526        44       640    0.4839    0.3153    0.2926   0.06354   0.06589   0.00531         0
      9/49     13.4G   0.04649  0.005004         0   0.05149        39       640    0.8155    0.8378    0.8641    0.3434   0.05672  0.006126         0
     10/49     13.4G    0.0421  0.004898         0     0.047        35       640         1         1     0.995     0.281   0.05909  0.005473         0
     11/49     13.4G   0.03764  0.004656         0    0.0423        38       640         1         1     0.995    0.3668   0.05669  0.004986         0
     12/49     13.4G    0.0396  0.004907         0   0.04451        48       640   0.03748    0.1532  0.007615  0.001395     0.106  0.009239         0
     13/49     13.4G   0.04602   0.00484         0   0.05086        35       640    0.3315    0.4144    0.2264   0.05779   0.06346  0.005713         0
     14/49     13.4G   0.04877  0.004502         0   0.05327        37       640    0.2129    0.2523   0.08887   0.01972   0.05487  0.006692         0
     15/49     13.4G   0.04735  0.004476         0   0.05183        39       640    0.9864    0.7748    0.8168    0.2794   0.05363  0.005772         0
     16/49     13.4G   0.04058   0.00442         0     0.045        34       640    0.3656    0.2252    0.1887   0.03332   0.05828  0.005705         0
     17/49     13.4G   0.03946  0.004264         0   0.04373        40       640    0.3063    0.3063    0.2171   0.03305   0.06482  0.005278         0
     18/49     13.4G   0.04028  0.004319         0    0.0446        35       640    0.6027    0.6288    0.5191    0.1037   0.05884  0.006348         0
     19/49     13.4G   0.03976  0.004088         0   0.04385        39       640    0.6467    0.6937    0.5867    0.1001   0.05717  0.005567         0
     20/49     13.4G   0.04075  0.004089         0   0.04484        36       640    0.7213    0.6296    0.5812    0.0797   0.06308  0.005615         0
     21/49     13.4G   0.03673  0.004034         0   0.04077        39       640    0.5154    0.2396    0.2482   0.05273   0.06842  0.006313         0
     22/49     13.4G    0.0362  0.004229         0   0.04043        49       640  0.004557    0.4505  0.002615 0.0003452   0.07194  0.006885         0
     23/49     13.4G   0.03824  0.004595         0   0.04283        32       640   0.02344    0.2703   0.01358  0.001791   0.06453  0.006877         0
     24/49     13.4G   0.04196   0.00431         0   0.04627        43       640    0.4458    0.6304    0.3774   0.07638   0.05977  0.007489         0
     25/49     13.4G   0.03879  0.004099         0   0.04289        31       640    0.9166    0.7027    0.8016    0.1563   0.05849   0.00663         0
     26/49     13.4G   0.03858  0.003982         0   0.04256        38       640    0.8558    0.8559    0.8292    0.1769   0.07199  0.004332         0
     27/49     13.4G   0.04321  0.004232         0   0.04744        47       640    0.2119    0.4234     0.137   0.02215   0.08181  0.004281         0
     28/49     13.4G   0.04472  0.003976         0   0.04869        32       640   0.03401    0.3153   0.02061  0.003458   0.09116  0.003302         0
     29/49     13.4G   0.03682  0.003892         0   0.04071        42       640   0.07605    0.5676   0.06115      0.01   0.08104  0.006427         0
     30/49     13.4G    0.0406  0.003779         0   0.04438        38       640    0.7116    0.7117    0.6366    0.1113   0.05646  0.006789         0
     31/49     13.4G   0.04008  0.003802         0   0.04389        33       640    0.7609    0.7748    0.7209    0.1536   0.05532  0.006418         0
     32/49     13.4G   0.03383  0.003797         0   0.03762        39       640    0.6216    0.6216    0.4706   0.08202   0.05728   0.00623         0
     33/49     13.4G   0.03891  0.003787         0    0.0427        40       640    0.8348    0.8198    0.7847    0.2225   0.05808  0.006724         0
     34/49     13.4G   0.03589  0.003652         0   0.03954        37       640     0.991     0.991    0.9932    0.2404   0.05856  0.005566         0
     35/49     13.4G   0.03366  0.003643         0   0.03731        45       640         1         1     0.995    0.2063   0.05954   0.00622         0
     36/49     13.4G   0.03708  0.003753         0   0.04083        44       640         1         1    0.9951     0.376   0.05792  0.005371         0
     37/49     13.4G   0.03281  0.003544         0   0.03635        33       640         1         1    0.9951    0.2967   0.05654  0.006874         0
     38/49     13.4G   0.03109  0.003528         0   0.03462        39       640    0.8918    0.8198    0.8337    0.1521   0.06402  0.006413         0
     39/49     13.4G   0.03257  0.003627         0    0.0362        46       640    0.9549     0.955    0.9442    0.1716   0.06292  0.006269         0
     40/49     13.4G   0.03582  0.003552         0   0.03937        48       640     0.991     0.991    0.9926    0.2521   0.05985  0.007069         0
     41/49     13.4G   0.03204  0.003441         0   0.03548        39       640    0.8468    0.8468    0.8208     0.209   0.06084  0.007148         0
     42/49     13.4G   0.02919  0.003592         0   0.03278        44       640    0.8636    0.8557     0.843    0.1858   0.06238  0.006973         0
     43/49     13.4G   0.02927  0.003415         0   0.03269        34       640         1         1    0.9951    0.4337   0.05862  0.006124         0
     44/49     13.4G   0.02912  0.003468         0   0.03258        36       640    0.9639     0.964    0.9567    0.2099   0.06071  0.006712         0
     45/49     13.4G   0.02863  0.003481         0   0.03211        40       640         1         1    0.9951    0.3599   0.05806  0.006775         0
     46/49     13.4G   0.02899  0.003451         0   0.03244        37       640         1         1    0.9951    0.3609   0.05922  0.006464         0
     47/49     13.4G   0.03036  0.003385         0   0.03375        29       640     0.982     0.982    0.9833    0.2602   0.06424  0.006142         0
     48/49     13.4G   0.02942  0.003381         0    0.0328        41       640         1         1    0.9951    0.3798   0.06216  0.006118         0
     49/49     13.4G   0.03151  0.003419         0   0.03493        36       640         1         1    0.9951    0.2689   0.06334  0.006175         0
